http_password:                00000000000000000
mqtt_user:                    0000000000000000
mqtt_password:                0000000000000
discord_token:                00000000000000000000.000000000000000000
latitude:                     00.000000
longitude:                    00.000000
plex_username:                000000000000
plex_password:                00000000000
darksky_api_key:              00000000000000000000000000
google_access_token:          0000000000000000000000000000
google_client_id:             00000000000000000000000000000
google_api_key:               00000000000000000000000000
weather_underground_api_key:  000000000000000000000000
life360_username:             0000000000000
life360_password:             0000000000000
gcm_api_key:                  0000000000000000000000000000000000000000000000000000000000000000000000000000000000000000000000000
gcm_sender_id:                00000000
google_maps_username:         00000000000000
google_maps_password:         00000000000000
vacuum_token:                 ffffffffffffffffffffffffffffffff
travis_ci_token:              00000000000000000000000000000
db_url:                       00000000000000000000000000000000000                      
ecobee_api_key:               000000000000000000000000000000000
tautulli_api_key:             000000000000000000000000000000
telegram_api:                 000000000000000000000000000000000000000
influxdb_password:            aaaaaaaaaaaaaaaaaaaaaaa
zwave_network_key:            0x00, 0x00, 0x00, 0x00, 0x00, 0x00, 0x00, 0x00, 0x00, 0x00, 0x00, 0x00, 0x00, 0x00, 0x00, 0x00
config_path:                  .
google_client_secret:         0000000000000000000000000000000