http_password: 00000000000000000
mqtt_user: 0000000000000000
mqtt_password: 0000000000000
discord_token: 00000000000000000000.000000000000000000
latitude: 00.000000
longitude: 00.000000
plex_username: 000000000000
plex_password: 00000000000
darksy_api_key: 00000000000000000000000000